4870520834
4870520836
4870520837
4870520838
4870520839
4870520840
7048462393
7048462394
7048462397
7048462398
7048462399
7048462400
7048462401
7048462403
7048462404
7048462407
7048462408
7048462409
7048462410
7048462411
7048462412
7048462413
7048462414
7048462415
7048462416
7048462417
7048462418
7048462419
7048462420
2102886499
2102886501
2102886503
2102886505
2102886507
2102886508
7048462445
2102886510
7048462444
2102886512
7048462443
2102886514
7053516913
2102886516
7048462453
2102886518
7053516918
7048462456
7048462457
7048462458
7048462455
7053516915
7048462461
7048462462
7048462463
7048462464
7048462465
7048462466
7048462467
7048462468
7048462469
7048462470
7048462471
7048462472
7053516931
7048462474
7053516936
7053516937
7048462477
7048462478
7048462479
7048462480
7048462481
7048462482
7048462483
7048462484
7048462485
7048462486
7048462487
7048462488
7048462489
7048462490
7048462491
7048462492
4756718526
4756718527
4756718531
2094268726
2094268730
2094268733
7059136856
7059136857
7059136858
7059136859
7059136860
7059136861
7059136862
7059136863
7059136864
10178036065
7059136865
10178036067
7059136866
7059136867
7059136870
7059136871
7059136872
7059136869
2468897130
7059136868
2103671478
2468897133
2468897136
2468897138
2468897141
2468897144
7048658205
4756816321
4756816322
4756816324
8555102682
8555102683
8555102684
2103009766
2103009770
2103009772
2103009774
2103009778
2102878714
2102878716
2102878720
2102878723
4756816388
2102878726
2102878727
2102878729
2102878731
2102878733
4756816450
4756816451
7037764170
7037764171
7037764172
7037764173
7037764174
7037764175
7037764176
7037764177
7037764178
7037764179
4756816548
4756816549
4756816550
4756816551
4756816556
4756816557
4756816558
4756816559
4756816560
4756816561
4756816562
4756816563
4756816564
2102928061
2102928062
2102928064
2102928065
2102928066
4756816578
4756816580
4756816581
4756816586
4756816587
4756816588
4756816589
4756816590
4756816591
4756816592
4756816593
4756816594
4756816595
4756816596
4756816597
4756816602
4756677351
4756677352
4756677353
4756677354
4756677355
4756677356
4756677357
4756677358
4756677359
2096251632
2096251633
2096251634
2096251635
4756677360
4756677361
4756677362
4756677363
4756677364
4756677366
4756677367
2102887170
2102887172
4756677384
4756677392
4756677393
2102895416
7053516914
7053516916
7053516917
4756816723
7053516919
7053516920
4756816734
7053516921
7053516922
7053516923
7053516924
7053516925
7053516926
7053516927
7053516928
7053516929
7053516930
2103501743
2103501745
2103501746
2094269366
7053516938
2094269368
2094269369
2094269370
2094269371
4756718524
2094269372
2094269373
2094269374
4756718528
4756718529
4756718530
2094269375
4756718532
4756718533
4756718534
2094269376
2094269378
2094269379
2094269380
4756718539
4756718540
4756718541
4756718542
4756718543
2094269384
2094269385
2094269388
2094269389
2094269391
4756718549
2094269392
2094269393
2094269394
2094269395
2094269397
2094269398
2094269399
2094269400
4756718558
4756718561
4756718562
4756718563
4756718564
4756718565
4756718566
4756718567
4756718568
4756718569
4756718570
4756718571
4756718572
4756718573
4756718574
4756718575
4756718576
4756718577
4756718578
4756718579
4756718580
4756718581
4756718582
4756718583
4756718584
4756718585
4756718586
4756718587
4756718588
4756718589
4756718590
4756718591
4756718592
4756718593
2096203077
7891559754
2102945160
2102945161
2102945162
2102945163
2102945164
2102945166
2102945167
2104984975
4756719063
4756719067
4756719068
4756719069
6998132187
4756719071
4756719072
4756719073
6998132188
6998132189
6998132190
6998132191
6998132192
6998132193
6998132194
6998132195
6998132196
6998132199
6998132197
6998132198
6998132200
6998132201
6998132202
6998132203
6998132204
2468906487
2468906488
2468906489
7058966723
7058966724
7058966730
7058966733
7058966744
7375267472
7048464028
7048464029
7048464030
7048464031
7048464032
7048464033
7048464034
7048464035
7048464036
7048464037
7048464038
7048464039
7048464040
7048464041
7048464042
7048464043
7048464044
7048464045
7048464046
7048464047
7048464048
7048464049
7048464050
7048464051
7048464052
7048464053
7048464054
7048464055
7048464056
7048464057
7048464058
7048464059
7048464060
7048464061
7048464062
7048464063
7048464064
7048464065
7058966761
4751345381
4751345382
4751345384
4751345385
4751345386
4751345390
4751345391
4751345392
4751345393
4751345394
4751345395
4751345396
4751345397
4751345398
4751345400
4751345402
4751345403
4751345404
4751345405
4751345406
2096277257
2096277258
2103019320
2103019321
2103019322
2103019323
2096277315
2096277316
2103670149
2103670153
2103670155
2101536653
2101536657
2101536659
2101536661
2101536665
2101536667
2101536671
2101536673
2101536675
2101536677
2101536679
2101536681
2101536683
4115400620
2101536684
4115400622
2101536685
2101536686
2101536687
2101536690
2101536688
2101536691
4115400621
4115400623
4115400624
4115400625
4115400626
4115400628
4115400629
4115400630
4115400654
4115400655
4115400656
4115400657
4115400658
4115400659
4115400660
7045892203
7045892210
7045892211
7045892212
7045892213
7045892214
7045892215
7045892216
7045892217
7045892218
7045892219
7045892220
4756678781
7045892222
7045892221
4756678784
4756678785
4756678786
4756678787
4756678788
4756678789
4756678790
7045892230
4756678791
4756678793
4756678794
7045892226
4756678796
4756678797
4756678798
4756678799
4756678795
4756678792
7045892238
4756678803
4756678804
4756678805
4756678806
4756678807
4756678808
4756678809
4756678810
4756678811
4756678812
4756678813
4756678814
4756678815
4756678818
4756678819
4756678820
4756678821
2096195750
4756678823
4756678824
4756678822
4756678826
4756678827
4756678828
4756678825
4756678829
4756678830
4756678831
4756678832
4756678833
4756678834
4756678835
4756678836
4756678837
4756678838
4756678840
4756678841
4756678842
4756678843
4756678839
4756678845
7045892223
7058966720
7058966721
7058966722
2469406915
4756678850
7058966725
7058966726
7058966727
7058966728
7058966729
7045892225
7058966731
7058966732
4756678852
7058966734
7058966735
7058966736
7058966737
7058966738
7058966739
7058966740
7058966741
7045892227
7058966743
7058966742
7058966745
7058966746
7058966747
7058966748
7058966749
7058966750
7058966751
7058966752
7058966753
7058966754
7045892229
7058966757
7058966758
7058966759
7045892231
7058966760
7058966762
7058966763
7058966764
7058966765
7058966766
7058966767
7058966768
7058966769
7058966770
7058966771
7058966772
7058966773
7058966774
7058966775
7058966776
7045892234
7045892233
7045892235
7045892236
7045892237
7374948655
7374948659
7059155256
7059155257
7059155258
7059155259
7059155260
7059155261
7059155262
7059155263
7059155264
7059155265
7059155266
7374948675
7374948680
7059056971
7059056972
7059056973
7059056974
7059056975
7059056976
7059056977
7059056978
7059056979
7059056980
7059056981
7059056982
7059056983
7059056984
7059245419
2102880624
2102880626
2102880628
2102880630
2096204153
2096204154
2102880635
2102880633
2102880645
2102880647
2102880649
2102880651
2102880653
2102880655
2102880657
4115294615
4115294616
4115294617
4115294618
4115294619
4115294620
4115294621
4115294622
4115294623
4115294624
4115294625
4115294627
4115294628
4115294629
4115294630
4115294631
4115294632
4115294633
4115294634
4115294635
4115294636
4115294637
4115294638
4115294639
4115294640
4115294641
4115294642
4115294643
4115294644
4115294645
4115294646
4115294647
4115294648
4115294649
4115294650
4115294651
4115294652
4115294653
4115294654
4115294655
4115294656
4115294657
4115294658
4115294659
4115294660
4115294661
4115294662
4115294664
4115294666
4115294667
4115294668
4115294669
4115294670
4115294671
4115294672
4115294673
4115294674
4115294675
4115294676
4115294677
4115294678
4115294679
4115294680
4115294681
4115294683
4115294684
4115294685
4115294686
4115294687
4115294688
7045892228
2096278071
7046056504
7046056505
2096278074
7046056507
7046056508
7046056506
7046056503
7046056511
7046056512
7046056513
7046056514
7046056510
7046056516
7046056517
7046056518
7046056519
7046056520
7046056521
7048251979
7048251980
7048251981
7048251982
6328134271
6328134272
7045892232
4897933989
4897933990
4897933991
4897933992
4897933993
4897933994
4897933995
2103503555
2103503556
2103503558
2103503559
2103503561
2104388308
2104388309
2104388310
10178036066
2103012129
2103012132
2468883321
2468883323
2468883325
2468883327
2468883329
2468883332
4756719070
2468883334
2102897554
2104986586
2104986587
2104986588
2104986589
2104986590
2104986591
2104986592
2104986593
2104986594
2104986595
2104986596
2104986597
7046057026
2103004230
2468875335
2468875336
2103004231
2103012476
2103012477
7048752269
7048752270
7048752271
7048752272
7048752273
7048752274
7048752275
7048752276
7048752277
7048752278
7048752279
7048752280
7048752281
7048752282
7048752283
2103028892
7048752284
2096204982
2096204983
2096204984
4756816829
4870515977
4870515978
2102889773
2102889775
2102889777
2102889779
2102889781
2102889783
2102889785
2102889787
2102889792
2104986946
7053564658
7053564663
7053564664
7053564665
7053564666
7053564667
5020413390
5020413391
5020413392
5020413393
2103668270
2103668271
2103668272
2103668273
2103668274
2103668275
2103668276
2096205406
2096205409
2103668322
2103668323
2103668324
2103668325
4115295889
4115295890
7647583508
2103013051
2103013052
2103013053
2103523995
4115295965
4115295966
4115295967
4115295968
4115295969
4115295970
4115295971
4115295972
4115295973
2103523997
4115295975
4115295976
4115295977
4115295978
4115295979
4115295980
2103523998
2103524000
2103524001
2104397574
2104397575
2103524004
2103524006
2096197397
2096197399
2096197401
2103524013
2103524016
2103524018
2103524020
2103524023
2103524024
2103524026
7375024005
7059312521
7059312522
7059312523
7059312524
7059312525
7059312526
7059312527
7059312528
7059312529
7059312530
7059312531
7059312532
7059312533
7059312534
7059312535
7059312536
7059312537
7059312538
2103029654
2103524033
2103029661
2103029659
2103029663
2103029670
2103029671
2103029672
2103029677
2103029678
2103524037
7647583518
2103668676
2103668677
2103668678
7647583520
2102898721
2102898722
2102898723
2102898724
2102898725
2096279590
2102898727
2096279593
2103668835
7059239126
7059239127
2053140753
2053140763
2053140767
2053140770
2053140772
2053140775
2053140780
2053140783
2053140784
2053140786
2053140787
2053140789
2053140790
2102931814
2102931815
2102931816
2102931817
2102931818
2103005667
2103005669
2103005671
2103005673
2103005675
2103005676
7059083785
7059083786
7059083787
7059083788
7059083789
7059083790
7059083791
7059083792
7059083793
7059083794
7059083795
7059083796
7059083797
7059083798
2465468951
7059083799
7059083800
7059083801
7059083802
2465468956
2103013947
2103013949
2103013957
2103013959
2103013961
2103013964
2103013966
2103013968
2103013970
2103013972
2457604741
2457604742
2457604743
2457604745
7016119030
7016119031
2094269367
2094269381
2094269382
7048770385
7048770386
7048770387
7048770388
7048770389
7048770390
7048770391
7048770392
7048770393
7048770394
7048770395
7048770396
7048770397
7048770398
7048770399
7048770400
7048770401
7048770402
7048770403
4870525796
7048770405
7048770406
7048770407
7048770408
7048770404
7048770409
7048770411
7048770412
7048770410
7048770413
4870525799
7048770416
7048770417
7048770418
7048770419
7048770420
7048770421
7048770422
7048770423
7048770424
7048770425
7048770426
7048770427
7048770428
7048770429
7048770430
7048770431
7048770432
7048770433
7048770434
7048770435
7048770436
7048770437
4870525794
7048770438
10167137163
4870525795
10167137164
10167137166
10167137167
10167137165
10167137168
2102891449
2102891450
2102891452
2102891453
2102891454
4756678783
2102891455
2102891457
2102891458
7048656009
7048656010
7048656011
7048656012
7048656013
7048656014
7048656015
7048656016
7048656017
7048656018
7048656019
7048656020
7048656021
7048656022
7048656026
7048656027
7048656028
7048656029
7048656030
7048656031
7048656032
7048656033
7048656035
7048656036
7048656037
7048656038
7048656039
7048656040
7048656041
7048656042
7048656043
7048656044
7048656045
7048656046
7048656047
7048656048
7048656049
7048656050
7048656051
7048656052
7048656053
7048656054
7048656055
7048656056
7048656057
7048295607
7048656064
7048295648
7048295649
7048295650
7048295651
7048295652
7048295653
4756678847
4756678848
2102883592
2102883593
2102883594
2102883595
4756678849
2102883596
2102883597
2102883598
2102883599
2102883600
2102883601
2102883602
2102883603
4756678851
4756678853
4756678854
4756678855
4756678856
4756678857
2103670095
2103670096
2103670097
2103670099
2103670100
2103670101
2103670104
2103670107
2102924636
2103670109
2103670108
2103670111
2103670112
2103670113
2103670116
2103670117
2103670119
2103670121
2103670122
2103670124
2103670126
2103670127
2103670128
2103670129
2103670131
2103670132
2103670133
2103670134
2103670135
2103670136
2103670137
2103670143
2103670146
2103670147
2103670148
4217574789
2103670150
4217574791
4217574792
2103670151
4217574794
2103670154
2103670156
4217574797
2103670157
4217574799
4217574800
4217574801
2103670158
2103670163
2103670161
2103670165
2103670160
4217574803
2103670168
2103670169
2103670171
2103670172
2103670174
4217574815
2103670175
2103670177
2102998466
2102998467
2102998468
628643306
628643307
628643310
628643312
628643313
7059068485
7059068486
7059068487
7059068488
7059068489
7059068490
7059068491
7059068492
7059068493
7059068494
7059068495
7059068496
7059068497
7059068498
7059068499
7059068500
7059068501
7059068502
7059068503
7059068504
7059068505
7059068506
7059068507
7059068508
7059068509
7059068510
7059068511
7059068512
7059068514
7059068516
7059068531
7059068533
7059068534
7059068535
7059068536
7059068537
7059068538
7059068539
7059068540
7059068541
7059068542
7059068543
7059068544
7059068547
7059068548
7059068549
7059068550
7059068551
7059068552
7059068553
7059068554
7059068555
7059068556
7059068557
8043320996
8043320997
8043320998
8043320999
8043321000
8043321001
8043321002
8043321003
8043321004
8043321005
8043321006
8043321007
8043321008
8043321009
8043321010
8043321011
8043321012
8043321014
8043321015
8043321016
7374796477
4870444804
4870444808
4870444809
4870444811
4870444812
4870444813
4870444814
4870444815
4870444816
4870444817
4870444818
4870444819
4870444820
4870444821
4870444822
4870444823
4870444824
4870444825
4870444826
4870444827
4870444828
4870444829
4870444830
4870444831
4870444832
4870444833
4870444834
4870444835
4870444836
4870444837
4870444838
4870444839
4870444840
4870444841
4870444842
4870444843
4870444844
4870444845
4870444846
4870444847
4870444848
4870444849
4870444850
4870444851
4870444852
4870444853
4870444854
4870444855
4870444856
4870444857
4870444858
4870444859
4870444860
2102892449
2102892450
2102892451
6401701797
2096199647
2096199648
2103015452
2103015453
4899985482
2102933559
2102933560
2102933561
2102933562
2102933563
7647583506
7048403012
7048403013
7048403014
7048403015
7048403016
7048403017
7048403018
4899985483
7048403020
7048403019
7048403021
7048403023
7048403024
7048403025
7048403022
7048403027
7048403028
7048403026
7048403029
7048403030
7048403032
7048403033
7048403034
7048403035
7048403036
7048403037
7048403038
7048403039
7048403031
7048403040
7059060863
7059060864
7059060865
7059060866
7059060867
7059060868
7059060869
7059060870
7059060871
7059060872
7059060873
7059060874
7059060875
7059060876
7059060877
7059060878
7059060879
7059060880
7059060881
7059060882
7059060883
7059060884
7647583522
7053465776
7053465777
7053465778
7053465779
7053465780
7053465781
7053465782
7053465783
7053465784
2104981708
2104981709
4217567466
4217567467
4217567468
4217567469
4217567470
4217567471
4217567472
4217567473
4217567474
4217567475
7045892224
4217567476
4217567478
4217567477
4217567480
4217567481
4217567482
4217567483
4217567484
4217567485
2103671036
4217567487
2103671040
2103671039
2103671043
2103671045
2103671054
2096199951
2096199953
2103671058
2094266651
2094266652
2094266653
2094266655
2094266657
2094266661
2094266662
2094266668
2103015836
2102991429
2102991431
2102991433
2102991434
2102991436
2102991438
2102991440
2102991442
2102991443
2102991453
7043095154
2103523969
2103523970
2103523971
2103523973
2103523974
2103523975
2103523976
2103523977
2103523978
2103523979
2103523980
2103523981
2103523982
2103523984
2103523985
2103523986
2103523987
2103523988
2103523989
2103523990
2103523991
2102876825
2102876826
2103523994
2102876828
2103523996
2102876830
2102876831
2103523993
2102876833
2103524002
2102876835
2103524003
2102876837
2103524005
2102876839
2102876840
2103524007
2103524010
2102876842
2103524011
2103524008
2103524014
2103524015
2099862192
2103524017
2103671474
2099862194
2103524019
2103671476
2103671475
2103671479
2103671480
7048462473
2103671482
2103671483
7048462475
2103524029
2103524021
2103524022
2103524030
7048462476
2103524027
2103524028
2103524032
2103524035
2103524038
2103524039
2103524036
2103524041
2103524034
2103524043
2103524044
2103524045
2103524040
2103524047
2103524050
2103524051
2103524052
2103524053
2103524055
2103524056
2103524057
2103524058
2103524059
7053564645
7053564646
7053564647
7053564648
7053564649
7053564650
7053564651
7053564652
7053564653
7053564654
7053564655
7053564656
7053564657
7016119026
7016119027
7016119028
7016119029
7053564660
7053564659
7016119032
7016119033
7016119034
7016119035
7016119036
7053564668
7053564669
7053564670
7016119037
7016119038
7016119039
7053564674
7053564676
7053564677
7053564678
7053564679
7016119040
2103671626
2103671627
2103671628
2103671629
2103671630
2103671631
2103029648
2103671633
2103671634
2103671635
2103029652
2103499700
2103499701
2103499702
2103499703
7053474785
7053474786
2103008227
2103008228
2103008229
7053474787
7053474788
5555182687
7048658192
7048658193
7048658194
7048658195
7048658196
7647583509
7647583510
7647583511
7647583512
7647583507
7048658197
7048658198
7048658199
7048658200
7048658201
7048658202
7048658203
7048658204
7647583517
7048658206
7647583519
7048658208
7647583521
7048658209
7048658207
7647583524
7647583523
7647583527
7647583528
7647583525
7647583526
2103024953
7375024015
7647583573
7647583581
10750713372
2103016989
10750713377
7048773189
2103500363
2103500364
2103500365
2103500366
2103500367
7045881466
7045881467
7045881468
7045881469
7045881474
7045881476
7045881477
7045881478
7045881479
7045881480
7045881481
7045881482
7045881483
7045881484
7048770414
2103672518
2103672519
7048770415
2103664439
2103664440
2103664441
2103664442
2103664444
2103664446
2103664448
2103664450
2103664451
2096136008
7053705078
7053672316
7053672317
7053672322
7053672323
7053672324
7053672325
7053672326
7053672327
7053672328
7037763474
2103671477