7605526584
2206467288
7780724848
7780724849
7780724850
4115677919
4115677920
4115677921
7780692096
7780692097
7780692098
4115677922
4115677924
4115677925
4115677926
4115677927
4115677931
7780753585
7780753586
7780753587
7780753588
7781001397
7780753589
7780753590
7780753592
7780753593
7780753591
7780753594
7780753595
7780753596
7780753597
7780753599
7780753600
7780753601
7780753602
7780753603
7780753604
7780753605
7780753606
7780753598
4115574993
4756592338
5175069414
4756592340
5175069415
7780786399
7780786400
7780786401
7780786402
7780786403
7780786404
7780786405
7780786406
7780786407
7780786408
7780786409
7780786410
7780786411
7780786412
7780786413
7780786414
7780917486
7780917487
7780917488
7780917489
7780917490
7780917491
7780917492
7780917493
7780917495
7780917496
7780917497
7780917498
7780917494
4756592347
4756592348
10941886948
4756592349
4115677949
10941886949
4756592350
10941886950
4756592351
10941886951
4115751222
4115677952
4115751223
10941886953
4115751202
4756592354
7780677929
7780677930
4115751211
4115751212
4115751213
4115751214
4115751215
4115751216
4115751217
4115751218
4115751219
7780677931
7780677932
7780677933
7780677934
7780677935
7780677936
7780677937
7780677938
7780677939
7780677940
7780677944
7780677945
4115751227
4115751230
4115751226
4115751235
4115751236
4115751237
4115751238
4115751234
4115751240
4115751241
4115751242
4115751243
4115751251
4115751253
4115751254
4115751259
4115751262
4115751264
4115751265
4115751266
4115751267
4115751269
4115751270
4115751271
4115751272
4115751273
4115751274
4115751275
4115751276
4115751277
4115751278
4115751279
4115751280
4115751281
4115751282
4115751283
4115751284
4115751285
4115751286
4115751287
4115751288
7780694603
4115575178
4115575183
4115575184
4115575185
10941886977
10941886978
7780776364
7780776365
7780776366
7780776367
7780776368
7780776369
7780776370
7780776371
7780776372
7780895185
7780895186
7780895187
7780895188
7780895189
7780895190
7780895191
7780895192
7780895193
7780895194
7780895195
7780895196
7780895197
7780895198
7780895199
7780895200
7780895201
7780895202
7780895203
7780895204
7780895205
7780895206
7780895207
10941886952
7780895209
7780895210
7780895211
7780895212
7780895213
7780895214
7780895215
7780895216
7780895208
7780895218
7780895219
7780895220
7780895221
7780895222
7780895223
7780895224
7780895225
7780895226
7780895227
7780895228
7780895229
7780895230
7780895231
10941886976
7780895233
7780895234
7780895235
4115575300
4115575301
4115575302
7780895239
4115575304
7780895241
7780895240
7780895238
7780895237
4115575309
4115575310
7780895247
7780895248
4115575313
7780895250
7780895251
7780895252
7780895249
7780895246
4115575325
4115575326
4115575328
4115575329
4115575332
4115575333
4115575335
4115575345
4115575356
4115575361
7780694593
7780694595
7780694594
7780694596
7780694597
7780694598
7780694599
7780694600
7780694601
7780694602
7780694604
7780694605
7780694606
7780694607
7780694608
7780676177
7780694609
7780694610
7780694612
7780694613
7780694614
7780694615
7780694616
7780694611
7780895232
4115677792
4115677793
4115677794
7304037796
7780895236
4115651193
8007840378
4115651194
4115651195
7780743802
7780743803
4115651202
4115651203
4115651204
4115651205
7780895242
4115651207
4115651208
4115651209
4115677833
4115677834
4115677835
4115677837
4115677836
4115677839
4115677840
4115677841
4115677838
4115677842
7780895245
4115677845
4115677846
4115677847
4115677848
4115677849
4115677850
4115677851
4115677852
4115677853
4115677854
4115677855
4115677857
4115651237
4115651238
4115677863
4115651240
4115677865
4115677864
4115651243
4115677862
4115677868
4115677866
4115677870
4115677872
4115677871
4115677874
4115677875
4115677876
4115651248
4115677878
4115677879
4115677881
4115677883
4115677884
4115677885
4115677886
4115677887
4115677888
4115677889
4115677890
4115677891
4115677892
4115677893
4115677895
4115677896
4115677897
4115677898
4115677899
4115677900
4115677901
4115677902
4115677903
4115677905
4115677906
4115677908
4115677909
4115518165
4115677910
4115677912
4115677913
4115677914
4115677915
4115677916
4115677917
4115677918
4115518174
4115518175
4115518176
4115518178
4115677923
4115518177
4115518179
4115518180
4115518181
4115518182
4115518183
4115518184
4115518185
4115518186
4115518187
4115518189
4115518191
4115677928
4115677933
4115677935
4115677934
4115677932
4115677936
4115518198
4115677937
4115677938
4115677939
4115677940
4115677942
4115677943
4115677944
4115677945
4115677946
4115677951
4115677953
4115677954
4115677947
4115677956
4115677948
4115677958
4115677959
4115677960
4115677961
7780715274
7780715275
7780715276
7780715277
4115677957
4115677967
4115677963
4115677965
7780715282
7780715283
7780715284
7780715279
4756572979
4756572980
4756572981
4756572982
4756572983
4756572984
4756572985
4756572986
4756572987
7780909885
7780909886
7780909887
7780909888
7780909889
7780909895
7780909896
7780909897
7780909898
7304037803
7780909900
7780909901
7780909902
7780909903
7780909904
7780909905
7780909906
7780909907
7780909908
7780909909
7780909910
7780909911
7780909912
7780909913
7780909914
7780909915
7780909916
7780909917
7780909918
7780909919
7304037804
7780762482
7780762484
7604718520
7604718521
7780918209
7780918210
7780918211
7780918212
7780918213
7780918214
8007857097
7780677941
7780677942
7780895217
7780677943
7604716554
7604716555
7780879385
7780879386
7780879395
7780879396
7780879397
7780879398
7780879399
7780879400
7780879401
7780879402
7780879403
7780879404
7780879405
7780879406
7780879407
7780879408
7780879409
7042671706
7042671707
7042671708
7304221889
7304221890
7780890456
7786079349
7786079350
7786079351
7786079352
7786079353
7780890457
7304221891
7304221892
7780890458
7304221893
7780890459
7780890460
7780890464
7780890465
7780890466
7780890467
7780890468
7304221903
7780890469
7780890470
7304221886
7304221887
2206467264
2206467265
2206467266
2206467267
7304221888
2206467269
7304221894
7304221895
7304221896
7304221897
2206467274
2206467273
2206467276
2206467277
7304221901
2206467279
7304221902
2206467281
2206467282
7304221906
2206467284
2206467285
2206467286
2206467287
7304221912
2206467289
7304221907
2206467291
7304221908
7304221909
7304221917
7304221918
2206467296
7304221919
7304221920
7304221921
7304221922
7304221925
7304221913
7304221923
7780887784
7304221914
7304221924
7304221915
7304221916
7780846847
7780846848
7780846849
2206467330
7780846850
7780846851
7780846852
7780846854
7780846855
7780846856
7780846857
7780846853
7780846863
7780846864
7780846865
7780846866
7780846867
7780846868
7780846869
7780846876
7780846877
7780846878
7780846879
7780846880
7780846881
7780846882
7780846883
7780846884
4115752652
4115676473
4115676475
4115752654
4115676478
4115676479
4115676482
4115676483
4115676484
4115676485
4756592341
7780902253
7780902254
7780902255
7780902256
7780902257
7780902258
7780902259
7780902260
7780902261
7780902262
7780902263
7780902264
7780902265
7780902266
7780902267
7780902268
7780902269
7780902270
7780902271
7780902272
7780902273
7780902274
4115752668
7780902276
7780902277
7780902275
7780902279
7780902280
7780902281
7780902282
7780902283
7780902284
7780902278
4115752671
4115752672
7304037788
4115752673
7304037790
7304037791
7304037792
7304037793
7304037794
7304037789
7304037795
7304037797
7304037798
7304037799
7304037800
7304037801
7304037802
7604643242
7604643237
7604643238
4115553710
7304037806
7604643239
7604643240
7604643250
7604643251
7604643252
7604643253
7304037805
7604643258
4115752680
4115553731
4115553732
4115553733
7604643270
4115553735
7604643269
7604643268
7604643267
4115553749
7605560792
7605560801
5910279670
4115553812
7041027604
7041027605
4115553816
4115553884
4115553886
4115553887
4115553888
4115553889
4115553890
4115553891
4115553892
4115553893
4115553894
4115553895
4115553896
4115553898
7304027754
7780895243
4115553901
4115553902
7304027755
7304027756
7304027761
7304027762
4115553906
4115553904
4115553909
4115553903
4115553905
4115553908
4115553922
4115553923
4115553924
7780895244
4115553926
7304027783
4115553928
4115553929
4115752589
4115752590
4115752591
4115752595
4115752598
4115752600
4115752601
4115752602
4115752603
4115752607
4115677826
4115752610
4115752611
4115677827
4115752612
4115752613
4115752614
4115752615
4115752616
4115752618
4115752619
4115677828
7780909899
4115677829
4115752628
4115752631
4115752633
4115752634
4115752635
4115752636
4115752637
4115677832
4756592326
4115752647
4756592328
4756592329
4115752648
4756592331
4756592332
4756592333
4756592334
4756592330
4756592327
4756592336
4115574482
4756592337
4115752660
4115752661
4115752662
4115752663
4756592342
4756592343
4756592345
4115752666
4115752665
4115752669
4115752664
4115752670
4115752667
4756592353
4115752674
4756592355
4115752676
4756592356
4115752678
4756592359
4756592360
4115752681
4756592362
4115752675
4115752677
4115752679
4115752682
4756592366
4756592365
4756592357
4756592361
4756592381
4756592383
4756592386
4756592388
4756592358
4756592392
4756592393
4756592395
4756592400
4756592401
4756592403
4756592404
4756592405
4756592410
4756592412
4756592420
4756592422
4756592424
4756592427
7781064492
7781064493
7781064494
7781064495
7781064496
4756557655
7780773685
7780773686
7780773687
4756592437
7780773689
7780773690
7780773691
7780773692
7780773693
7780890443
7780890444
7780890445
7780890446
7780890447
7780890448
7780890449
7780890450
7780890451
7780890452
7780890453
7780890454
7780890455
4756557656
4756557657
4756557658
4756557659
4756557660
4756557661
7780890462
7780890463
4756557662
4756557663
7780890461
4756557667
4756557668
4756557669
4756557670
7780890471
7780890472
7780890473
7780890474
7780890475
7780890476
7780890477
7780890478
4756557675
7780890480
7780890481
7780890482
7780890483
7780890484
4756557676
7780890479
4756557671
4756557697
4756557698
4756557699
4756557672
4756557673
4756557674
7304221910
4910821285
4910821286
4910821287
4910821288
4910821289
4910821290
4910821291
7780981393
7304221911
7780792238
7780917485
8231681970
11848083427
11848083428
11848083429
11848083435
11848083438
